-----------------------
-   TowerHanoi 14x4   -
-----------------------

         Branching Factor
----------------------------------
Depth      N=0           N=1          
----------------------------------

0	    ---------    ---------
1         3              3
2         5              5
3         5              4.6
4         5.24           4.73913
5         5.366412       4.87156
6         5.446657       4.93597
7         5.517106       5.002289
8         5.566154       5.048967
9         5.608258       5.088433
10        5.641695       5.12017
11        5.670275       5.147039
12        5.694406       5.16966


-----------------------
-   TowerHanoi 16x4   -
-----------------------

         Branching Factor
----------------------------------
Depth      N=0           N=1          
----------------------------------

0	    ---------    ---------
1         3              3
2         5              5
3         5              4.6
4         5.24           4.73913
5         5.366412       4.87156
6         5.446657       4.93597
7         5.517106       5.002289
8         5.566154       5.048967
9         5.608258       5.088433
10        5.641695       5.12017
11        5.670275       5.147039
12        5.694406       5.16966

