-------------------
-    Pancake 24   -
-------------------


---------------------------------------
Depth       N=0         N=1         N=2
---------------------------------------

0            1           1           1
1           23          23          23
2          529         506         506
3        12167       11132       11131
4       279841      244904      244860
5      6436343     5387888     5386437
6    148035889   118533536   118490988


-------------------
-    Pancake 28   -
-------------------


---------------------------------------
Depth       N=0         N=1         N=2
---------------------------------------
0            1           1           1
1           27          27          27
2          729         702         702
3        19683       18252       18251
4       531441      474552      474500
5     14348907    12338352    12336325
6    387420489   320797152   320726900

