-------------------
-   TopSpin 22x4   -
-------------------


---------------------------------------
Depth       N=0         N=1         N=2
---------------------------------------
0            1           1           1
1           22          22          22
2          484         297         297
3        10648        3332        3234
4       234256       34917       31696
5      5153632      359044      295838
6    113379904     3685933     2710563
7   2494357888    37916082    24741989



-------------------
-   TopSpin 26x4   -
-------------------


---------------------------------------
Depth       N=0         N=1         N=2
---------------------------------------
0            1           1          1
1           26          26         26
2          676         403        403
3        17576        5040       4914
4       456976       57614      52753
5     11881376      639658     530056
6    308915776     7079228    5172126
7   8031810176    78662142   50068605
